3 10 86 92 172 174 -1 
32 38 77 102 -1 
74 106 149 -1 
49 59 105 124 -1 
6 41 81 94 150 181 -1 
80 100 138 -1 
18 61 99 121 -1 
20 96 108 179 194 -1 
11 33 43 122 146 165 177 -1 
9 87 126 -1 
152 185 -1 
7 67 104 127 -1 
12 30 65 90 125 153 180 -1 
-1 
75 111 132 155 192 -1 
54 166 176 -1 
22 64 184 -1 
50 76 95 130 164 189 190 191 -1 
55 56 133 -1 
21 147 -1 
-1 
1 47 110 143 154 159 162 -1 
160 169 183 -1 
27 66 91 173 -1 
48 52 101 136 170 197 198 -1 
69 82 -1 
141 -1 
13 31 135 144 156 158 -1 
97 98 107 140 171 175 -1 
151 -1 
25 29 34 45 60 62 -1 
23 63 72 83 -1 
26 39 157 -1 
44 139 195 -1 
37 51 73 115 -1 
5 8 28 53 78 119 -1 
103 -1 
15 109 134 182 -1 
4 14 16 163 186 193 -1 
84 120 129 137 -1 
35 42 123 148 -1 
79 85 88 167 -1 
58 116 128 145 -1 
112 -1 
17 24 70 71 89 118 -1 
2 36 40 93 114 117 187 188 -1 
19 161 200 -1 
46 68 142 178 -1 
57 168 196 199 -1 
113 131 -1