41229
23433
170 156 26 81 167 44 188 -1 
162 34 78 -1 
124 43 125 -1 
184 181 149 33 105 -1 
103 30 -1 
53 84 121 116 12 98 29 -1 
187 150 22 69 -1 
94 7 -1 
23 145 49 152 77 -1 
14 79 -1 
186 76 41 86 138 71 -1 
108 -1 
31 62 42 96 164 104 155 -1 
55 123 74 18 68 -1 
-1 
185 200 65 197 -1 
91 72 19 27 -1 
175 131 127 -1 
21 80 -1 
196 28 75 118 88 -1 
70 66 -1 
182 132 25 192 -1 
134 140 -1 
45 95 106 168 17 10 144 -1 
113 -1 
165 109 107 112 -1 
160 119 114 52 11 -1 
35 97 99 101 -1 
85 56 147 194 161 -1 
51 111 20 191 -1 
47 16 142 -1 
128 4 158 151 58 92 -1 
177 120 173 67 115 -1 
146 157 -1 
159 195 133 110 24 -1 
166 73 135 87 90 -1 
126 39 61 198 38 100 -1 
3 136 180 5 -1 
54 1 117 82 102 -1 
64 -1 
13 179 57 190 36 15 -1 
193 176 189 63 -1 
122 -1 
129 89 46 -1 
154 130 199 172 8 -1 
6 60 183 32 40 -1 
141 -1 
148 137 9 93 169 178 83 171 2 -1 
48 139 50 153 59 37 -1 
174 143 163 -1 

200

22962
170 156 26 81 167 44 188 -1 
162 34 78 -1 
124 43 125 -1 
184 181 149 33 105 -1 
103 30 -1 
53 84 121 116 12 98 29 -1 
187 150 22 69 -1 
94 7 -1 
23 145 49 152 77 -1 
14 79 -1 
186 76 41 86 138 71 -1 
108 -1 
31 62 42 96 164 104 155 -1 
55 123 74 18 68 -1 
-1 
185 200 65 197 -1 
91 72 19 27 -1 
175 131 127 -1 
21 80 -1 
196 118 75 28 88 -1 
70 66 -1 
182 132 25 192 -1 
134 140 -1 
45 95 106 168 17 10 144 -1 
113 -1 
165 109 107 112 -1 
160 119 114 52 11 -1 
35 97 99 101 -1 
85 56 147 194 161 -1 
51 111 20 191 -1 
47 16 142 -1 
128 4 158 151 58 92 -1 
177 120 173 67 115 -1 
146 157 -1 
159 195 133 110 24 -1 
166 73 135 87 90 -1 
126 39 61 198 38 100 -1 
3 136 180 5 -1 
54 1 117 82 102 -1 
64 -1 
13 179 57 190 36 15 -1 
63 176 189 193 -1 
122 -1 
129 89 46 -1 
154 8 199 172 130 -1 
6 60 183 32 40 -1 
141 -1 
148 137 9 93 169 178 83 171 2 -1 
48 139 50 153 59 37 -1 
174 143 163 -1 

200

22773
170 156 26 81 167 44 188 -1 
162 34 78 -1 
124 43 125 -1 
184 181 149 33 105 -1 
103 30 -1 
53 84 121 116 12 98 29 -1 
187 150 22 69 -1 
94 7 -1 
23 145 49 152 77 -1 
14 79 -1 
186 76 41 86 138 71 -1 
108 -1 
31 62 42 96 164 104 155 -1 
55 123 74 18 68 -1 
-1 
185 200 65 197 -1 
91 72 19 27 -1 
175 131 127 -1 
21 80 -1 
196 118 75 28 88 -1 
70 66 -1 
182 132 25 192 -1 
134 140 -1 
45 95 106 168 17 10 144 -1 
113 -1 
165 109 107 112 -1 
160 119 114 52 11 -1 
35 97 99 101 -1 
85 56 147 194 161 -1 
51 111 20 191 -1 
47 16 142 -1 
128 4 158 151 58 92 -1 
177 120 173 67 115 -1 
146 157 -1 
159 195 133 110 24 -1 
166 73 135 87 90 -1 
126 39 61 198 38 100 -1 
3 180 136 5 -1 
54 1 117 82 102 -1 
64 -1 
13 179 57 190 36 15 -1 
63 176 189 193 -1 
122 -1 
129 89 46 -1 
154 8 199 172 130 -1 
6 60 183 32 40 -1 
141 -1 
148 137 9 93 169 178 83 171 2 -1 
48 139 50 153 59 37 -1 
174 143 163 -1 

200

22773
22773
22773
22773
22773
22773
22773
22773
22773
